   250.000
         1     250.000000  3.0000000e-06      95804.824  1.0000000e-07
         2     250.000000  3.0000000e-06      87935.075  1.0000000e-07
         3     250.000000  3.0000000e-06      80711.775  1.0000000e-07
         4     250.000000  3.0000000e-06      74081.822  1.0000000e-07
         5     250.000000  3.0000000e-06      67996.477  1.0000000e-07
         6     250.000000  3.0000000e-06      62411.005  1.0000000e-07
         7     250.000000  3.0000000e-06      57284.342  1.0000000e-07
         8     250.000000  3.0000000e-06      52578.802  1.0000000e-07
         9     250.000000  3.0000000e-06      48259.792  1.0000000e-07
        10     250.000000  3.0000000e-06      44295.561  1.0000000e-07
        11     250.000000  3.0000000e-06      40656.966  1.0000000e-07
        12     250.000000  3.0000000e-06      37317.258  1.0000000e-07
        13     250.000000  3.0000000e-06      34251.886  1.0000000e-07
        14     250.000000  3.0000000e-06      31438.314  1.0000000e-07
        15     250.000000  3.0000000e-06      28855.859  1.0000000e-07
        16     250.000000  3.0000000e-06      26485.536  1.0000000e-07
        17     250.000000  3.0000000e-06      24309.919  1.0000000e-07
        18     250.000000  3.0000000e-06      22313.016  1.0000000e-07
        19     250.000000  3.0000000e-06      20480.145  1.0000000e-07
        20     250.000000  3.0000000e-06      18797.833  1.0000000e-07
        21     250.000000  3.0000000e-06      17253.712  1.0000000e-07
        22     250.000000  3.0000000e-06      15836.431  1.0000000e-07
        23     250.000000  3.0000000e-06      14535.570  1.0000000e-07
        24     250.000000  3.0000000e-06      13341.567  1.0000000e-07
        25     250.000000  3.0000000e-06      12245.643  1.0000000e-07
        26     250.000000  3.0000000e-06      11239.742  1.0000000e-07
        27     250.000000  3.0000000e-06      10316.470  1.0000000e-07
        28     250.000000  3.0000000e-06       9469.038  1.0000000e-07
        29     250.000000  3.0000000e-06       8691.218  1.0000000e-07
        30     250.000000  3.0000000e-06       7977.290  1.0000000e-07
        31     250.000000  3.0000000e-06       7322.007  1.0000000e-07
        32     250.000000  3.0000000e-06       6720.551  1.0000000e-07
        33     250.000000  3.0000000e-06       6168.501  1.0000000e-07
        34     250.000000  3.0000000e-06       5661.799  1.0000000e-07
        35     250.000000  3.0000000e-06       5196.718  1.0000000e-07
        36     250.000000  3.0000000e-06       4769.841  1.0000000e-07
        37     250.000000  3.0000000e-06       4378.030  1.0000000e-07
        38     250.000000  3.0000000e-06       4018.403  1.0000000e-07
        39     250.000000  3.0000000e-06       3688.317  1.0000000e-07
        40     250.000000  3.0000000e-06       3385.345  1.0000000e-07
        41     250.000000  3.0000000e-06       3107.261  1.0000000e-07
        42     250.000000  3.0000000e-06       2852.019  1.0000000e-07
        43     250.000000  3.0000000e-06       2617.744  1.0000000e-07
        44     250.000000  3.0000000e-06       2402.714  1.0000000e-07
        45     250.000000  3.0000000e-06       2205.346  1.0000000e-07
        46     250.000000  3.0000000e-06       2024.191  1.0000000e-07
        47     250.000000  3.0000000e-06       1857.917  1.0000000e-07
        48     250.000000  3.0000000e-06       1705.301  1.0000000e-07
        49     250.000000  3.0000000e-06       1565.221  1.0000000e-07
        50     250.000000  3.0000000e-06       1436.649  1.0000000e-07
        51     250.000000  3.0000000e-06       1318.637  1.0000000e-07
        52     250.000000  3.0000000e-06       1210.320  1.0000000e-07
        53     250.000000  3.0000000e-06       1110.900  1.0000000e-07
        54     250.000000  3.0000000e-06       1019.646  1.0000000e-07
        55     250.000000  3.0000000e-06        935.889  1.0000000e-07
        56     250.000000  3.0000000e-06        859.012  1.0000000e-07
        57     250.000000  3.0000000e-06        788.449  1.0000000e-07
        58     250.000000  3.0000000e-06        723.683  1.0000000e-07
        59     250.000000  3.0000000e-06        664.237  1.0000000e-07
        60     250.000000  3.0000000e-06        609.675  1.0000000e-07
        61     250.000000  3.0000000e-06        559.594  1.0000000e-07
        62     250.000000  3.0000000e-06        513.627  1.0000000e-07
        63     250.000000  3.0000000e-06        471.436  1.0000000e-07
        64     250.000000  3.0000000e-06        432.710  1.0000000e-07
        65     250.000000  3.0000000e-06        397.166  1.0000000e-07
        66     250.000000  3.0000000e-06        364.541  1.0000000e-07
        67     250.000000  3.0000000e-06        334.597  1.0000000e-07
        68     250.000000  3.0000000e-06        307.112  1.0000000e-07
        69     250.000000  3.0000000e-06        281.884  1.0000000e-07
        70     250.000000  3.0000000e-06        258.729  1.0000000e-07
        71     250.000000  3.0000000e-06        237.476  1.0000000e-07
        72     250.000000  3.0000000e-06        217.969  1.0000000e-07
        73     250.000000  3.0000000e-06        200.064  1.0000000e-07
        74     250.000000  3.0000000e-06        183.630  1.0000000e-07
        75     250.000000  3.0000000e-06        168.546  1.0000000e-07
        76     250.000000  3.0000000e-06        154.701  1.0000000e-07
        77     250.000000  3.0000000e-06        141.994  1.0000000e-07
        78     250.000000  3.0000000e-06        130.330  1.0000000e-07
        79     250.000000  3.0000000e-06        119.624  1.0000000e-07
        80     250.000000  3.0000000e-06        109.798  1.0000000e-07
        81     250.000000  3.0000000e-06        100.779  1.0000000e-07
        82     250.000000  3.0000000e-06         92.500  1.0000000e-07
        83     250.000000  3.0000000e-06         84.902  1.0000000e-07
        84     250.000000  3.0000000e-06         77.928  1.0000000e-07
        85     250.000000  3.0000000e-06         71.527  1.0000000e-07
        86     250.000000  3.0000000e-06         65.651  1.0000000e-07
        87     250.000000  3.0000000e-06         60.258  1.0000000e-07
        88     250.000000  3.0000000e-06         55.308  1.0000000e-07
        89     250.000000  3.0000000e-06         50.765  1.0000000e-07
        90     250.000000  3.0000000e-06         46.595  1.0000000e-07
        91     250.000000  3.0000000e-06         42.768  1.0000000e-07
        92     250.000000  3.0000000e-06         39.255  1.0000000e-07
        93     250.000000  3.0000000e-06         36.030  1.0000000e-07
        94     250.000000  3.0000000e-06         33.070  1.0000000e-07
        95     250.000000  3.0000000e-06         30.354  1.0000000e-07
        96     250.000000  3.0000000e-06         27.861  1.0000000e-07
        97     250.000000  3.0000000e-06         25.572  1.0000000e-07
        98     250.000000  3.0000000e-06         23.471  1.0000000e-07
        99     250.000000  3.0000000e-06         21.543  1.0000000e-07
       100     250.000000  3.0000000e-06         19.774  1.0000000e-07
