 0.10937102406660841E+01
 0.93478470458343677E+00
 0.93364606499965597E+00
 0.93260272744276318E+00
 0.93164916115417828E+00
 0.93077988215156349E+00
 0.92998934151945556E+00
 0.92927220971338131E+00
 0.92862351664609533E+00
 0.92803836449190591E+00
 0.92751179319687171E+00
 0.92703886300928329E+00
 0.92661468870453545E+00
 0.92623433817012213E+00
 0.92589279837249039E+00
 0.92558494538446168E+00
 0.92530548056853679E+00
 0.92504887467501740E+00
 0.92480933182549385E+00
 0.92458075216277158E+00
 0.92435667166793101E+00
 0.92413016768243583E+00
 0.92389379727019827E+00
 0.92363953887074124E+00
 0.92335868184687064E+00
 0.92304171494639609E+00
 0.92267823012904537E+00
 0.92225678469976036E+00
 0.92176474419234766E+00
 0.92118811122141742E+00
 0.92051131334445802E+00
 0.91971697094868610E+00
 0.91878564262018647E+00
 0.91769553406261728E+00
 0.91642211133642415E+00
 0.91493772133507445E+00
 0.91321120962450741E+00
 0.91120745677383030E+00
 0.90888693466396075E+00
 0.90620524655692281E+00
 0.90311276306103105E+00
 0.89955435657800764E+00
 0.89546929196578617E+00
 0.89079148478369252E+00
 0.88545013852208954E+00
 0.87937087713582840E+00
 0.87247746630780976E+00
 0.86469440597598235E+00
 0.85595036481828857E+00
 0.84618214422116522E+00
 0.83533938529881646E+00
 0.82338956152315246E+00
 0.81032261702444008E+00
 0.79615494381669727E+00
 0.78093174449166303E+00
 0.76472728644652188E+00
 0.74764287242372396E+00
 0.72980213837539976E+00
 0.71134416374875553E+00
 0.69241542290783775E+00
 0.67316132348983315E+00
 0.65371859760649476E+00
 0.63420979243014342E+00
 0.61474037574431295E+00
 0.59539871957854185E+00
 0.57625870343969376E+00
 0.55738414648668810E+00
 0.53883384149395053E+00
 0.52066607987340541E+00
 0.50294178242108212E+00
 0.48572546422138480E+00
 0.46908395322012564E+00
 0.45308330482100473E+00
 0.43778471106145406E+00
 0.42324042698031145E+00
 0.40949063622069870E+00
 0.39656192657612777E+00
 0.38446754777109787E+00
 0.37320919746611214E+00
 0.36277972117573259E+00
 0.35316591704611661E+00
 0.34435073906201269E+00
 0.33631444831387924E+00
 0.32903466482901017E+00
 0.32248572047911545E+00
 0.31663805588539812E+00
 0.31145856931748789E+00
 0.30691277333846789E+00
 0.30296931392914267E+00
 0.29960696398277953E+00
 0.29682373868226158E+00
 0.29464744552773153E+00
 0.29314697242485760E+00
 0.29244410358338524E+00
 0.29272685289560441E+00
 0.29426757549069393E+00
 0.29745330034094825E+00
 0.30284412306812813E+00
 0.31129489982503533E+00
 0.32670196377629263E+00
