   0.100000E-09   0.000000E+00   0.415626E+02   0.000000E+00
   0.000000E+00   0.000000E+00   0.415358E+02   0.206585E+02
   0.000000E+00   0.000000E+00   0.415337E+02   0.225070E+02
   0.000000E+00   0.000000E+00   0.415315E+02   0.245215E+02
   0.000000E+00   0.000000E+00   0.415291E+02   0.267165E+02
   0.000000E+00   0.000000E+00   0.415264E+02   0.291075E+02
   0.000000E+00   0.000000E+00   0.415235E+02   0.317120E+02
   0.000000E+00   0.000000E+00   0.415204E+02   0.345500E+02
   0.000000E+00   0.000000E+00   0.415170E+02   0.376425E+02
   0.000000E+00   0.000000E+00   0.415133E+02   0.410115E+02
   0.000000E+00   0.000000E+00   0.415092E+02   0.446815E+02
   0.000000E+00   0.000000E+00   0.415048E+02   0.486800E+02
   0.000000E+00   0.000000E+00   0.415000E+02   0.530365E+02
   0.000000E+00   0.000000E+00   0.414948E+02   0.577830E+02
   0.000000E+00   0.000000E+00   0.414891E+02   0.629545E+02
   0.000000E+00   0.000000E+00   0.414830E+02   0.685890E+02
   0.000000E+00   0.000000E+00   0.414762E+02   0.747275E+02
   0.000000E+00   0.000000E+00   0.414689E+02   0.814150E+02
   0.000000E+00   0.000000E+00   0.414609E+02   0.887010E+02
   0.000000E+00   0.000000E+00   0.414522E+02   0.966395E+02
   0.000000E+00   0.000000E+00   0.414427E+02   0.105288E+03
   0.000000E+00   0.000000E+00   0.414323E+02   0.114711E+03
   0.000000E+00   0.000000E+00   0.414211E+02   0.124977E+03
   0.000000E+00   0.000000E+00   0.414088E+02   0.136162E+03
   0.000000E+00   0.000000E+00   0.413955E+02   0.148347E+03
   0.000000E+00   0.000000E+00   0.413809E+02   0.161623E+03
   0.000000E+00   0.000000E+00   0.413651E+02   0.176088E+03
   0.000000E+00   0.000000E+00   0.413478E+02   0.191847E+03
   0.000000E+00   0.000000E+00   0.413290E+02   0.209016E+03
   0.000000E+00   0.000000E+00   0.413086E+02   0.227722E+03
   0.000000E+00   0.000000E+00   0.412863E+02   0.248102E+03
   0.000000E+00   0.000000E+00   0.412620E+02   0.270306E+03
   0.000000E+00   0.000000E+00   0.412356E+02   0.294498E+03
   0.000000E+00   0.000000E+00   0.412069E+02   0.320854E+03
   0.000000E+00   0.000000E+00   0.411756E+02   0.349569E+03
   0.000000E+00   0.000000E+00   0.411416E+02   0.380853E+03
   0.000000E+00   0.000000E+00   0.411046E+02   0.414938E+03
   0.000000E+00   0.000000E+00   0.410643E+02   0.452073E+03
   0.000000E+00   0.000000E+00   0.410206E+02   0.492531E+03
   0.000000E+00   0.000000E+00   0.409731E+02   0.536610E+03
   0.000000E+00   0.000000E+00   0.409214E+02   0.584634E+03
   0.000000E+00   0.000000E+00   0.408653E+02   0.636956E+03
   0.000000E+00   0.000000E+00   0.408045E+02   0.693960E+03
   0.000000E+00   0.000000E+00   0.407385E+02   0.756066E+03
   0.000000E+00   0.000000E+00   0.406670E+02   0.823730E+03
   0.000000E+00   0.000000E+00   0.405895E+02   0.897450E+03
   0.000000E+00   0.000000E+00   0.405057E+02   0.977767E+03
   0.000000E+00   0.000000E+00   0.404151E+02   0.106527E+04
   0.000000E+00   0.000000E+00   0.403173E+02   0.116061E+04
   0.000000E+00   0.000000E+00   0.402118E+02   0.126448E+04
   0.000000E+00   0.000000E+00   0.400981E+02   0.137764E+04
   0.000000E+00   0.000000E+00   0.399759E+02   0.150093E+04
   0.000000E+00   0.000000E+00   0.398447E+02   0.163526E+04
   0.000000E+00   0.000000E+00   0.397039E+02   0.178161E+04
   0.000000E+00   0.000000E+00   0.395533E+02   0.194105E+04
   0.000000E+00   0.000000E+00   0.393923E+02   0.211477E+04
   0.000000E+00   0.000000E+00   0.392206E+02   0.230403E+04
   0.000000E+00   0.000000E+00   0.390376E+02   0.251023E+04
   0.000000E+00   0.000000E+00   0.388431E+02   0.273488E+04
   0.000000E+00   0.000000E+00   0.386365E+02   0.297964E+04
   0.000000E+00   0.000000E+00   0.384174E+02   0.324630E+04
   0.000000E+00   0.000000E+00   0.381853E+02   0.353683E+04
   0.000000E+00   0.000000E+00   0.379397E+02   0.385336E+04
   0.000000E+00   0.000000E+00   0.376802E+02   0.419822E+04
   0.000000E+00   0.000000E+00   0.374061E+02   0.457394E+04
   0.000000E+00   0.000000E+00   0.371169E+02   0.498328E+04
   0.000000E+00   0.000000E+00   0.368119E+02   0.542926E+04
   0.000000E+00   0.000000E+00   0.364905E+02   0.591515E+04
   0.000000E+00   0.000000E+00   0.361520E+02   0.644453E+04
   0.000000E+00   0.000000E+00   0.357957E+02   0.702128E+04
   0.000000E+00   0.000000E+00   0.354207E+02   0.764965E+04
   0.000000E+00   0.000000E+00   0.350260E+02   0.833425E+04
   0.000000E+00   0.000000E+00   0.346109E+02   0.908013E+04
   0.000000E+00   0.000000E+00   0.341739E+02   0.989275E+04
   0.000000E+00   0.000000E+00   0.337140E+02   0.107781E+05
   0.000000E+00   0.000000E+00   0.332295E+02   0.117427E+05
   0.000000E+00   0.000000E+00   0.327189E+02   0.127936E+05
   0.000000E+00   0.000000E+00   0.321801E+02   0.139386E+05
   0.000000E+00   0.000000E+00   0.316109E+02   0.151860E+05
   0.000000E+00   0.000000E+00   0.310090E+02   0.165451E+05
   0.000000E+00   0.000000E+00   0.303716E+02   0.180258E+05
   0.000000E+00   0.000000E+00   0.296955E+02   0.196390E+05
   0.000000E+00   0.000000E+00   0.289773E+02   0.213966E+05
   0.000000E+00   0.000000E+00   0.282131E+02   0.233115E+05
   0.000000E+00   0.000000E+00   0.273985E+02   0.253977E+05
   0.000000E+00   0.000000E+00   0.265287E+02   0.276707E+05
   0.000000E+00   0.000000E+00   0.255982E+02   0.301471E+05
   0.000000E+00   0.000000E+00   0.246010E+02   0.328451E+05
   0.000000E+00   0.000000E+00   0.235304E+02   0.357846E+05
   0.000000E+00   0.000000E+00   0.223790E+02   0.389871E+05
   0.000000E+00   0.000000E+00   0.211385E+02   0.424763E+05
   0.000000E+00   0.000000E+00   0.197995E+02   0.462777E+05
   0.000000E+00   0.000000E+00   0.183514E+02   0.504193E+05
   0.000000E+00   0.000000E+00   0.167817E+02   0.549316E+05
   0.000000E+00   0.000000E+00   0.150757E+02   0.598477E+05
   0.000000E+00   0.000000E+00   0.132151E+02   0.652037E+05
   0.000000E+00   0.000000E+00   0.111774E+02   0.710391E+05
   0.000000E+00   0.000000E+00   0.893329E+01   0.773968E+05
   0.000000E+00   0.000000E+00   0.644402E+01   0.843234E+05
   0.000000E+00   0.000000E+00   0.365630E+01   0.918699E+05
   0.000000E+00   0.000000E+00   0.000000E+00   0.101301E+06
