   0.221132E+03   0.000000E+00   0.221132E+03   0.000000E+00
   0.221132E+03   0.282708E+00   0.220849E+03   0.206585E+02
   0.221132E+03   0.295754E+00   0.220836E+03   0.225070E+02
   0.221132E+03   0.309446E+00   0.220822E+03   0.245215E+02
   0.221132E+03   0.323706E+00   0.220808E+03   0.267165E+02
   0.221132E+03   0.339547E+00   0.220792E+03   0.291075E+02
   0.221132E+03   0.356480E+00   0.220775E+03   0.317120E+02
   0.221132E+03   0.374445E+00   0.220757E+03   0.345500E+02
   0.221132E+03   0.393514E+00   0.220738E+03   0.376425E+02
   0.221132E+03   0.413668E+00   0.220718E+03   0.410115E+02
   0.221132E+03   0.434974E+00   0.220697E+03   0.446815E+02
   0.221132E+03   0.458915E+00   0.220673E+03   0.486800E+02
   0.221132E+03   0.484393E+00   0.220647E+03   0.530365E+02
   0.221132E+03   0.511518E+00   0.220620E+03   0.577830E+02
   0.221132E+03   0.540410E+00   0.220591E+03   0.629545E+02
   0.221132E+03   0.571018E+00   0.220561E+03   0.685890E+02
   0.221132E+03   0.603894E+00   0.220528E+03   0.747275E+02
   0.221132E+03   0.640614E+00   0.220491E+03   0.814150E+02
   0.221132E+03   0.679840E+00   0.220452E+03   0.887010E+02
   0.221132E+03   0.721764E+00   0.220410E+03   0.966395E+02
   0.221132E+03   0.766585E+00   0.220365E+03   0.105288E+03
   0.221132E+03   0.814100E+00   0.220318E+03   0.114711E+03
   0.221132E+03   0.865694E+00   0.220266E+03   0.124977E+03
   0.221132E+03   0.922629E+00   0.220209E+03   0.136162E+03
   0.221132E+03   0.983651E+00   0.220148E+03   0.148347E+03
   0.221132E+03   0.104908E+01   0.220083E+03   0.161623E+03
   0.221132E+03   0.111925E+01   0.220012E+03   0.176088E+03
   0.221132E+03   0.119365E+01   0.219938E+03   0.191847E+03
   0.221132E+03   0.127481E+01   0.219857E+03   0.209016E+03
   0.221132E+03   0.136334E+01   0.219768E+03   0.227722E+03
   0.221132E+03   0.145835E+01   0.219673E+03   0.248102E+03
   0.221132E+03   0.156036E+01   0.219571E+03   0.270306E+03
   0.221132E+03   0.166977E+01   0.219462E+03   0.294498E+03
   0.221132E+03   0.178658E+01   0.219345E+03   0.320854E+03
   0.221132E+03   0.191431E+01   0.219217E+03   0.349569E+03
   0.221132E+03   0.205271E+01   0.219079E+03   0.380853E+03
   0.221132E+03   0.220149E+01   0.218930E+03   0.414938E+03
   0.221132E+03   0.236145E+01   0.218770E+03   0.452073E+03
   0.221132E+03   0.253308E+01   0.218599E+03   0.492531E+03
   0.221132E+03   0.271681E+01   0.218415E+03   0.536610E+03
   0.221132E+03   0.291698E+01   0.218215E+03   0.584634E+03
   0.221132E+03   0.313286E+01   0.217999E+03   0.636956E+03
   0.221132E+03   0.336526E+01   0.217766E+03   0.693960E+03
   0.221132E+03   0.361546E+01   0.217516E+03   0.756066E+03
   0.221132E+03   0.388374E+01   0.217248E+03   0.823730E+03
   0.221132E+03   0.417123E+01   0.216960E+03   0.897450E+03
   0.221132E+03   0.448284E+01   0.216649E+03   0.977767E+03
   0.221132E+03   0.481790E+01   0.216314E+03   0.106527E+04
   0.221132E+03   0.517824E+01   0.215953E+03   0.116061E+04
   0.221132E+03   0.556577E+01   0.215566E+03   0.126448E+04
   0.221132E+03   0.597863E+01   0.215153E+03   0.137764E+04
   0.221132E+03   0.641906E+01   0.214713E+03   0.150093E+04
   0.221132E+03   0.688901E+01   0.214243E+03   0.163526E+04
   0.221132E+03   0.739210E+01   0.213739E+03   0.178161E+04
   0.221132E+03   0.793068E+01   0.213201E+03   0.194105E+04
   0.221132E+03   0.850715E+01   0.212624E+03   0.211477E+04
   0.221132E+03   0.911306E+01   0.212018E+03   0.230403E+04
   0.221131E+03   0.975355E+01   0.211378E+03   0.251023E+04
   0.221131E+03   0.104279E+02   0.210704E+03   0.273488E+04
   0.221131E+03   0.111448E+02   0.209987E+03   0.297964E+04
   0.221131E+03   0.119071E+02   0.209224E+03   0.324630E+04
   0.221131E+03   0.127172E+02   0.208414E+03   0.353683E+04
   0.221131E+03   0.135505E+02   0.207581E+03   0.385336E+04
   0.221131E+03   0.144187E+02   0.206713E+03   0.419822E+04
   0.221131E+03   0.153211E+02   0.205810E+03   0.457394E+04
   0.221131E+03   0.162718E+02   0.204859E+03   0.498328E+04
   0.221131E+03   0.172733E+02   0.203858E+03   0.542926E+04
   0.221131E+03   0.183205E+02   0.202811E+03   0.591515E+04
   0.221131E+03   0.193834E+02   0.201748E+03   0.644453E+04
   0.221131E+03   0.204667E+02   0.200664E+03   0.702128E+04
   0.221131E+03   0.215833E+02   0.199548E+03   0.764965E+04
   0.221131E+03   0.227490E+02   0.198382E+03   0.833425E+04
   0.221131E+03   0.239657E+02   0.197165E+03   0.908013E+04
   0.221130E+03   0.252156E+02   0.195915E+03   0.989275E+04
   0.221130E+03   0.264785E+02   0.194652E+03   0.107781E+05
   0.221130E+03   0.277443E+02   0.193386E+03   0.117427E+05
   0.221130E+03   0.290523E+02   0.192078E+03   0.127936E+05
   0.221130E+03   0.304148E+02   0.190715E+03   0.139386E+05
   0.221129E+03   0.318344E+02   0.189295E+03   0.151860E+05
   0.221129E+03   0.332907E+02   0.187838E+03   0.165451E+05
   0.221129E+03   0.347892E+02   0.186340E+03   0.180258E+05
   0.221128E+03   0.363128E+02   0.184815E+03   0.196390E+05
   0.221128E+03   0.379068E+02   0.183221E+03   0.213966E+05
   0.221127E+03   0.395771E+02   0.181550E+03   0.233115E+05
   0.221127E+03   0.413276E+02   0.179799E+03   0.253977E+05
   0.221126E+03   0.431412E+02   0.177985E+03   0.276707E+05
   0.221125E+03   0.450271E+02   0.176098E+03   0.301471E+05
   0.221124E+03   0.469737E+02   0.174150E+03   0.328451E+05
   0.221123E+03   0.490140E+02   0.172109E+03   0.357846E+05
   0.221121E+03   0.511546E+02   0.169966E+03   0.389871E+05
   0.221119E+03   0.533987E+02   0.167720E+03   0.424763E+05
   0.221117E+03   0.557252E+02   0.165392E+03   0.462777E+05
   0.221114E+03   0.581413E+02   0.162973E+03   0.504193E+05
   0.221111E+03   0.606319E+02   0.160479E+03   0.549316E+05
   0.221107E+03   0.632205E+02   0.157887E+03   0.598477E+05
   0.221102E+03   0.659106E+02   0.155191E+03   0.652037E+05
   0.221095E+03   0.687009E+02   0.152394E+03   0.710391E+05
   0.221086E+03   0.715432E+02   0.149543E+03   0.773968E+05
   0.221074E+03   0.744540E+02   0.146620E+03   0.843234E+05
   0.221053E+03   0.774115E+02   0.143641E+03   0.918699E+05
   0.220926E+03   0.808706E+02   0.140056E+03   0.101301E+06
