   0.192824E+03   0.000000E+00   0.192824E+03   0.000000E+00
   0.192825E+03   0.181375E+01   0.191011E+03   0.150000E+03
   0.192566E+03   0.210025E+01   0.190466E+03   0.250000E+03
   0.192377E+03   0.241931E+01   0.189958E+03   0.350000E+03
   0.192224E+03   0.271571E+01   0.189508E+03   0.450000E+03
   0.192087E+03   0.297689E+01   0.189110E+03   0.550000E+03
   0.191965E+03   0.321657E+01   0.188748E+03   0.650000E+03
   0.191861E+03   0.342827E+01   0.188433E+03   0.750000E+03
   0.191775E+03   0.361775E+01   0.188158E+03   0.850000E+03
   0.191707E+03   0.379896E+01   0.187908E+03   0.950000E+03
   0.191652E+03   0.397490E+01   0.187677E+03   0.105000E+04
   0.191609E+03   0.414523E+01   0.187464E+03   0.115000E+04
   0.191575E+03   0.431243E+01   0.187263E+03   0.125000E+04
   0.191548E+03   0.447560E+01   0.187072E+03   0.135000E+04
   0.191526E+03   0.463342E+01   0.186893E+03   0.145000E+04
   0.191509E+03   0.479099E+01   0.186718E+03   0.155000E+04
   0.191495E+03   0.494672E+01   0.186548E+03   0.165000E+04
   0.191484E+03   0.510119E+01   0.186382E+03   0.175000E+04
   0.191475E+03   0.525432E+01   0.186221E+03   0.185000E+04
   0.191470E+03   0.540268E+01   0.186068E+03   0.195000E+04
   0.191466E+03   0.562552E+01   0.185841E+03   0.210000E+04
   0.191466E+03   0.597139E+01   0.185494E+03   0.235000E+04
   0.191484E+03   0.629692E+01   0.185187E+03   0.260000E+04
   0.191515E+03   0.661517E+01   0.184899E+03   0.285000E+04
   0.191585E+03   0.711457E+01   0.184470E+03   0.325000E+04
   0.191703E+03   0.770150E+01   0.184001E+03   0.375000E+04
   0.191838E+03   0.825829E+01   0.183579E+03   0.425000E+04
   0.191984E+03   0.878409E+01   0.183200E+03   0.475000E+04
   0.192137E+03   0.930455E+01   0.182832E+03   0.525000E+04
   0.192293E+03   0.982059E+01   0.182472E+03   0.575000E+04
   0.192452E+03   0.102943E+02   0.182157E+03   0.625000E+04
   0.192609E+03   0.107664E+02   0.181842E+03   0.675000E+04
   0.192763E+03   0.111961E+02   0.181567E+03   0.725000E+04
   0.192911E+03   0.116021E+02   0.181309E+03   0.775000E+04
   0.193051E+03   0.119921E+02   0.181059E+03   0.825000E+04
   0.193185E+03   0.123643E+02   0.180821E+03   0.875000E+04
   0.193293E+03   0.126494E+02   0.180643E+03   0.915000E+04
   0.193361E+03   0.128257E+02   0.180536E+03   0.940000E+04
   0.193417E+03   0.129656E+02   0.180451E+03   0.960000E+04
   0.193486E+03   0.131221E+02   0.180364E+03   0.985000E+04
   0.193569E+03   0.133161E+02   0.180253E+03   0.101500E+05
   0.193639E+03   0.134865E+02   0.180152E+03   0.104000E+05
   0.193695E+03   0.136272E+02   0.180067E+03   0.106000E+05
   0.193765E+03   0.138105E+02   0.179955E+03   0.108500E+05
   0.193850E+03   0.140242E+02   0.179826E+03   0.111500E+05
   0.193920E+03   0.142024E+02   0.179717E+03   0.114000E+05
   0.193975E+03   0.143463E+02   0.179628E+03   0.116000E+05
   0.194044E+03   0.145283E+02   0.179515E+03   0.118500E+05
   0.194125E+03   0.147504E+02   0.179375E+03   0.121500E+05
   0.194193E+03   0.149402E+02   0.179252E+03   0.124000E+05
   0.194246E+03   0.150947E+02   0.179152E+03   0.126000E+05
   0.194314E+03   0.152912E+02   0.179023E+03   0.128500E+05
   0.194395E+03   0.155339E+02   0.178861E+03   0.131500E+05
   0.194462E+03   0.157416E+02   0.178721E+03   0.134000E+05
   0.194515E+03   0.159100E+02   0.178605E+03   0.136000E+05
   0.194581E+03   0.161235E+02   0.178457E+03   0.138500E+05
   0.194685E+03   0.164717E+02   0.178214E+03   0.142500E+05
   0.194809E+03   0.169225E+02   0.177886E+03   0.147500E+05
   0.194927E+03   0.174118E+02   0.177516E+03   0.152500E+05
   0.195042E+03   0.179490E+02   0.177093E+03   0.157500E+05
   0.195153E+03   0.185128E+02   0.176640E+03   0.162500E+05
   0.195260E+03   0.191113E+02   0.176149E+03   0.167500E+05
   0.195362E+03   0.197370E+02   0.175625E+03   0.172500E+05
   0.195458E+03   0.203837E+02   0.175074E+03   0.177500E+05
   0.195551E+03   0.210752E+02   0.174476E+03   0.182500E+05
   0.195640E+03   0.218343E+02   0.173806E+03   0.187500E+05
   0.195768E+03   0.230323E+02   0.172736E+03   0.195000E+05
   0.195892E+03   0.243803E+02   0.171511E+03   0.202500E+05
   0.195974E+03   0.252799E+02   0.170694E+03   0.207500E+05
   0.196058E+03   0.261888E+02   0.169869E+03   0.212500E+05
   0.196145E+03   0.271024E+02   0.169042E+03   0.217500E+05
   0.196239E+03   0.280971E+02   0.168142E+03   0.222500E+05
   0.196345E+03   0.291546E+02   0.167190E+03   0.227500E+05
   0.196462E+03   0.302551E+02   0.166207E+03   0.232500E+05
   0.196594E+03   0.313838E+02   0.165210E+03   0.237500E+05
   0.196740E+03   0.325290E+02   0.164211E+03   0.242500E+05
   0.196903E+03   0.336822E+02   0.163221E+03   0.247500E+05
   0.197083E+03   0.348377E+02   0.162245E+03   0.252500E+05
   0.197280E+03   0.359921E+02   0.161288E+03   0.257500E+05
   0.197494E+03   0.371417E+02   0.160352E+03   0.262500E+05
   0.197735E+03   0.384247E+02   0.159311E+03   0.267500E+05
   0.198007E+03   0.398360E+02   0.158171E+03   0.272500E+05
   0.198309E+03   0.413301E+02   0.156978E+03   0.277500E+05
   0.198641E+03   0.428721E+02   0.155769E+03   0.282500E+05
   0.199003E+03   0.444370E+02   0.154566E+03   0.287500E+05
   0.199401E+03   0.460085E+02   0.153392E+03   0.292500E+05
   0.199731E+03   0.475759E+02   0.152155E+03   0.297500E+05
   0.200936E+03   0.511950E+02   0.149741E+03   0.310000E+05
   0.202416E+03   0.560709E+02   0.146345E+03   0.325000E+05
   0.203551E+03   0.591481E+02   0.144403E+03   0.335000E+05
   0.204687E+03   0.623338E+02   0.142353E+03   0.345000E+05
   0.206552E+03   0.669627E+02   0.139589E+03   0.360000E+05
   0.209837E+03   0.749400E+02   0.134897E+03   0.385000E+05
   0.215875E+03   0.877443E+02   0.128131E+03   0.425000E+05
   0.223172E+03   0.104362E+03   0.118810E+03   0.475000E+05
   0.235252E+03   0.126692E+03   0.108560E+03   0.550000E+05
   0.250980E+03   0.156353E+03   0.946272E+02   0.650000E+05
   0.266181E+03   0.183488E+03   0.826930E+02   0.750000E+05
   0.280928E+03   0.209552E+03   0.713766E+02   0.850000E+05
   0.296282E+03   0.235701E+03   0.605809E+02   0.950000E+05
   0.303301E+03   0.252955E+03   0.503462E+02   0.101301E+06
