	270.49273997131564329 
		 1		269.84416309423039593		1.00555007511232957e-02		100000.00		6.01825886574387086e-08
		 2		264.64812539532624669		8.66881348281566162e-03		 90000.00		7.35703176388178110e-08
		 3		259.44865592298890533		7.28212621450802927e-03		 80000.00		8.69580466201968738e-08
		 4		253.71334715550389660		5.89543894620038478e-03		 70000.00		1.00345775601575923e-07
		 5		246.90979157115637577		4.50875167789274549e-03		 60000.00		1.13733504582954867e-07
		 6		238.50558164823121388		3.12206440958510923e-03		 50000.00		1.27121233564333890e-07
		 7		233.53685395926615342		2.42872077543129132e-03		 45000.00		1.33815098055023494e-07
		 8		227.97634412707913043		1.73537714127747125e-03		 40000.00		1.40508962545713045e-07
		 9		224.40408153657733692		1.31937096078517998e-03		 37000.00		1.44525281240126898e-07
		10		221.99686781581146988		1.04203350712365355e-03		 35000.00		1.47202827036402755e-07
		11		220.80919529782062227		9.03364780292889471e-04		 34000.00		1.48541599934540697e-07
		12		219.65126160282142109		7.64696053462124849e-04		 33000.00		1.49880372832678454e-07
		13		218.53926333982337837		6.26027326631360768e-04		 32000.00		1.51219145730816555e-07
		14		216.53269299677563708		4.47934007972862860e-04		 30000.00		1.89301234768194943e-07
		15		216.09585322622390891		4.09178165479671962e-04		 29500.00		2.00879261472989341e-07
		16		215.69193877143010241		3.70422322986481932e-04		 29000.00		2.12457288177783713e-07
		17		215.32438000577761272		3.31666480493291685e-04		 28500.00		2.24035314882578058e-07
		18		214.99510275840884788		2.92910638000101167e-04		 28000.00		2.35613341587372297e-07
		19		214.70460481272243669		2.54154795506910975e-04		 27500.00		2.47191368292166828e-07
		20		214.45332753712204976		2.15398953013720511e-04		 27000.00		2.58769394996961014e-07
		21		214.24171230001152821		1.76643110520530481e-04		 26500.00		2.70347421701755465e-07
		22		214.07020046979397421		1.43633572903513528e-04		 26000.00		2.81331299504215518e-07
		23		213.93915552480811471		1.33164681433736194e-04		 25500.00		2.89984549110837111e-07
		24		213.84684856121646135		1.22695789963958915e-04		 25000.00		2.98637798717459285e-07
		25		213.78927606639857117		1.12226898494181961e-04		 24500.00		3.07291048324081090e-07
		26		213.76232011266094446		1.01758007024404669e-04		 24000.00		3.15944297930702947e-07
		27		213.76186277231079202		9.12891155546274576e-05		 23500.00		3.24597547537324962e-07
		28		213.78378611765486994		8.08202240848501650e-05		 23000.00		3.33250797143947243e-07
		29		213.82384088949802958		7.03513326150730485e-05		 22500.00		3.41904046750569100e-07
		30		213.87667211114666088		5.98824411452958440e-05		 22000.00		3.50557296357191169e-07
		31		213.93637093328496235		4.99509336686884120e-05		 21500.00		3.60525511389495536e-07
		32		213.99702437081754169		4.55409482609793020e-05		 21000.00		3.84004755239237879e-07
		33		214.05271943864741502		4.11309628532701853e-05		 20500.00		4.07483999088979905e-07
		34		214.09758651181368805		3.67209774455611227e-05		 20000.00		4.30963242938721825e-07
		35		214.13921898726735549		2.79010066301429028e-05		 19000.00		4.77921730638205613e-07
		36		214.13106719176616366		2.34910212224337691e-05		 18500.00		5.01400974487947639e-07
		37		214.10040136754145124		1.90810358147246795e-05		 18000.00		5.24880218337689665e-07
		38		214.04486490731108006		1.62141530118890115e-05		 17500.00		5.46719829208770675e-07
		39		213.96365676737741524		1.45324814494140841e-05		 17000.00		5.67300086728856762e-07
		40		213.85789319994060520		1.28508098869391193e-05		 16500.00		5.87880344248943484e-07
		41		213.72880869413322102		1.11691383244641834e-05		 16000.00		6.08460601769029465e-07
		42		213.57763773908888538		9.48746676198922546e-06		 15500.00		6.29040859289116822e-07
		43		213.40635362508871253		7.80579519951427429e-06		 15000.00		6.49621116809202485e-07
		44		213.22242502628714078		6.52354383991536710e-06		 14500.00		6.88338922418066547e-07
		45		213.03579749851499514		5.96388800049353335e-06		 14000.00		7.59869567491673991e-07
		46		212.92666783208261450		5.62809449684042598e-06		 13700.00		8.02787954535838224e-07
		47		212.85642858056255022		5.40423216107168604e-06		 13500.00		8.31400212565280482e-07
		48		212.78894391282025822		5.18036982530295373e-06		 13300.00		8.60012470594723269e-07
		49		212.69371381709072466		4.84457632164984721e-06		 13000.00		9.02930857638886867e-07
		50		212.60428197308564791		4.50878281799674492e-06		 12700.00		9.45849244683050254e-07
		51		212.54680589726578432		4.28492048222801430e-06		 12500.00		9.74461502712493464e-07
		52		212.49029253233834424		4.06105814645927351e-06		 12300.00		1.00307376074193487e-06
		53		212.40591492051882483		3.77822822551329169e-06		 12000.00		1.04824091812860392e-06
		54		212.32007088644414239		3.58026938308499028e-06		 11700.00		1.09701159994756885e-06
		55		212.26095054861929157		3.44829682146612635e-06		 11500.00		1.12952538782687931e-06
		56		212.19956851385654772		3.31632425984725691e-06		 11300.00		1.16203917570618785e-06
		57		212.10425233489706898		3.11836541741895974e-06		 11000.00		1.21080985752515152e-06
		58		212.01142303809575651		2.92040657499066003e-06		 10700.00		1.25958053934411561e-06
		59		211.95470172453636337		2.78843401337179186e-06		 10500.00		1.29209432722342691e-06
		60		211.90476061660140772		2.65646145175292920e-06		 10300.00		1.32460811510273567e-06
		61		211.84752739932565646		2.45850260932462907e-06		 10000.00		1.37337879692169954e-06
		62		211.81831822520049968		2.43531920431081111e-06		  9700.00		1.50716136232729795e-06
		63		211.81808454556457377		2.41986360096826411e-06		  9500.00		1.59634973926436150e-06
		64		211.83302728506683366		2.40440799762572050e-06		  9300.00		1.68553811620142802e-06
		65		211.87648523896393726		2.38122459261189874e-06		  9000.00		1.81932068160702240e-06
		66		211.97588531945581281		2.34258558425553294e-06		  8500.00		2.04229162394968415e-06
		67		212.06164026936849609		2.34007201988802223e-06		  8000.00		2.28946122834361990e-06
		68		212.09330407704715071		2.37253431844242640e-06		  7500.00		2.56005944684843089e-06
		69		212.07525205568487081		2.40499661699683354e-06		  7000.00		2.83065766535324738e-06
		70		212.02069084688798739		2.42389795823290335e-06		  6500.00		3.12381180383023691e-06
		71		211.94338507633065660		2.43469187370852677e-06		  6000.00		3.43045101141703358e-06
		72		211.85798610424143362		2.44923253847157698e-06		  5500.00		3.74335134109046186e-06
		73		211.78833548099791528		2.47520616223732015e-06		  5000.00		4.07535707297677140e-06
		74		211.80408786173893532		2.50174837943560825e-06		  4500.00		4.41624334038566961e-06
		75		211.97914910173926728		2.52972990472252096e-06		  4000.00		4.77960933738220354e-06
		76		212.32689847123344862		2.56556518768273913e-06		  3500.00		5.19701027850281631e-06
		77		212.92271458237672732		2.61033488231492720e-06		  3000.00		5.64704391064441137e-06
		78		213.51366171981769071		2.64335417705948382e-06		  2700.00		5.92341971688130121e-06
		79		214.02287214532864823		2.66601214946325025e-06		  2500.00		6.14583627241069913e-06
		80		214.94563986727516181		2.70078832224902454e-06		  2200.00		6.52615267471874170e-06
		81		215.67195113061404754		2.71523432037112775e-06		  2000.00		6.74674958336795122e-06
		82		216.07396488616009833		2.72116825012924040e-06		  1900.00		6.85218755922972687e-06
		83		216.50545684180150374		2.72710217988735391e-06		  1800.00		6.95762553509150082e-06
		84		216.97593470900338275		2.74020644049431498e-06		  1700.00		7.06624679285423581e-06
		85		217.49778138914683723		2.75530027966029221e-06		  1600.00		7.17575132776988701e-06
		86		218.08341185094758430		2.77039411882626860e-06		  1500.00		7.28525586268552211e-06
		87		218.75084302959368188		2.77985277089822237e-06		  1400.00		7.40776032919988286e-06
		88		219.53131454610712581		2.78663503666453987e-06		  1300.00		7.53643900755929935e-06
		89		220.45811131119660331		2.79721317298634531e-06		  1200.00		7.66965077351119250e-06
		90		221.57970664752627954		2.83692388413136647e-06		  1100.00		7.83765311293948966e-06
		91		222.97327438625180207		2.87663459527638848e-06		  1000.00		8.00565545236779869e-06
		92		224.71238919502002318		2.92418808754078393e-06		   900.00		8.15139626009884958e-06
		93		226.83277116761155412		2.98802047547378181e-06		   800.00		8.33036124407163138e-06
		94		229.35581845910829202		3.09965359513265686e-06		   700.00		8.60688443885158851e-06
		95		232.29229448270339731		3.14065758436696785e-06		   600.00		8.81924113997301007e-06
		96		235.48249428598649047		3.18559997546220900e-06		   500.00		9.01979906281941608e-06
		97		238.96039318936544760		3.36203867840567931e-06		   400.00		8.94984747800023369e-06
		98		243.64520934358500881		3.56144140449808011e-06		   300.00		8.54142308672617931e-06
		99		251.49211396430260379		3.70990879798992051e-06		   200.00		7.30842067006271009e-06
		100		265.02930408697022813		4.45119084597021820e-06		   100.00		4.89314659046259309e-06
