-0.11532103547123006E+02
-0.59476321508383920E+01
-0.57275666827351088E+01
-0.54748190951922426E+01
-0.55829942871712834E+01
-0.54789502931546039E+01
-0.53345336686556424E+01
-0.51962501196888669E+01
-0.50410869123072466E+01
-0.48924126720134922E+01
-0.50456833492216520E+01
-0.49283968626880075E+01
-0.48158695127251754E+01
-0.47079203099541873E+01
-0.45779021553633488E+01
-0.45133025630579162E+01
-0.46270948125800588E+01
-0.45369622957520690E+01
-0.44504143739691235E+01
-0.43671439800163485E+01
-0.42495579958595915E+01
-0.42351649631295984E+01
-0.42896854507335753E+01
-0.42200456148613794E+01
-0.41530021823559231E+01
-0.40882762731985371E+01
-0.39783524678013809E+01
-0.39837414288280759E+01
-0.39881532600169201E+01
-0.39289224409929524E+01
-0.38714793064489230E+01
-0.38111646367338246E+01
-0.37347889980839493E+01
-0.37488427640675450E+01
-0.37279434937224223E+01
-0.36784415311294967E+01
-0.36301349646811527E+01
-0.35749017713506066E+01
-0.35125876268270160E+01
-0.35125485376282719E+01
-0.34770699850442459E+01
-0.34355573581454171E+01
-0.33949597773668776E+01
-0.33412286535717790E+01
-0.32863976602880256E+01
-0.32696002533720723E+01
-0.32267684085385806E+01
-0.31851613755918757E+01
-0.31441671099023942E+01
-0.30744567245663603E+01
-0.30104109385511522E+01
-0.29483412705011065E+01
-0.28969533835583738E+01
-0.28465485202909773E+01
-0.27965742087934635E+01
-0.26979643443340700E+01
-0.26176401663566584E+01
-0.25295279259817627E+01
-0.24686220322505830E+01
-0.24088759774886501E+01
-0.23498240959381675E+01
-0.22187183057416515E+01
-0.21216538227257851E+01
-0.20239650567606273E+01
-0.19573369678335113E+01
-0.18924070636927297E+01
-0.18164145127874778E+01
-0.16920716846334241E+01
-0.15829340874110975E+01
-0.14975504092217224E+01
-0.14350124142023466E+01
-0.13748007605275108E+01
-0.12962979693757375E+01
-0.12021743363313846E+01
-0.11060689378485800E+01
-0.10489760880656585E+01
-0.10029820076092177E+01
-0.95918123847222503E+00
-0.90314201129239347E+00
-0.85303822462661283E+00
-0.79610497251869028E+00
-0.76448505153910673E+00
-0.73531505711323952E+00
-0.70735316598245612E+00
-0.67265907460370056E+00
-0.64203942444564810E+00
-0.60833369333442511E+00
-0.58530380030422269E+00
-0.56366926786585292E+00
-0.54244835303472139E+00
-0.51621145372984556E+00
-0.49214738363570026E+00
-0.46573392125660951E+00
-0.44440876771245758E+00
-0.42406298179086593E+00
-0.40390748329791432E+00
-0.37791407290078455E+00
-0.35568436504126355E+00
-0.33259348318945431E+00
-0.32035939336627961E+00
