 0.11776374352915899E+01
 0.94311124967914772E+00
 0.94160246586201901E+00
 0.94023457825989853E+00
 0.93900137386160543E+00
 0.93789684773754711E+00
 0.93691507138539942E+00
 0.93605058114684825E+00
 0.93529854846780658E+00
 0.93465442313401847E+00
 0.93411379548691764E+00
 0.93367252655416111E+00
 0.93332677730320590E+00
 0.93307291677762894E+00
 0.93290748581387595E+00
 0.93282717689288264E+00
 0.93282877808800735E+00
 0.93290915121860030E+00
 0.93306521382029928E+00
 0.93329387915833373E+00
 0.93359199958417705E+00
 0.93395634556029716E+00
 0.93438355135560902E+00
 0.93487001244562096E+00
 0.93541184617422557E+00
 0.93600483142815760E+00
 0.93664427211955714E+00
 0.93732489737380742E+00
 0.93804074388691550E+00
 0.93878499840602192E+00
 0.93954983432577344E+00
 0.94032619981075793E+00
 0.94110356037599885E+00
 0.94186961020733329E+00
 0.94260997212557895E+00
 0.94330779623548633E+00
 0.94394329034830382E+00
 0.94449322226787469E+00
 0.94493034418465816E+00
 0.94522275989827031E+00
 0.94533323548897696E+00
 0.94521848371570072E+00
 0.94482845059006870E+00
 0.94410566019546005E+00
 0.94298469974161037E+00
 0.94139193014047262E+00
 0.93924552102383407E+00
 0.93645601161747793E+00
 0.93292755743350131E+00
 0.92855990819366296E+00
 0.92325136852095679E+00
 0.91690276360608236E+00
 0.90942226796451098E+00
 0.90073103065873850E+00
 0.89076904396691359E+00
 0.87950070981458206E+00
 0.86691952772659420E+00
 0.85305092330484222E+00
 0.83795261347346228E+00
 0.82171232827568819E+00
 0.80444266793030650E+00
 0.78627365982652941E+00
 0.76734416092928137E+00
 0.74779321988044944E+00
 0.72775276587663551E+00
 0.70734279384148169E+00
 0.68666968707049236E+00
 0.66582754406752964E+00
 0.64490194417252877E+00
 0.62397516281587517E+00
 0.60313128418217588E+00
 0.58245988717725761E+00
 0.56205732025318167E+00
 0.54202509165133306E+00
 0.52246562225081905E+00
 0.50347620440947427E+00
 0.48514250590528024E+00
 0.46753299247485897E+00
 0.45069543927252925E+00
 0.43465615738044827E+00
 0.41942183355872659E+00
 0.40498330079047717E+00
 0.39132011866705074E+00
 0.37840474105139854E+00
 0.36620530845754795E+00
 0.35468658990727364E+00
 0.34380921234363632E+00
 0.33352791931691056E+00
 0.32378997119152930E+00
 0.31453489724222422E+00
 0.30569660043306612E+00
 0.29720832607856490E+00
 0.28901040713122200E+00
 0.28106015439648302E+00
 0.27334302300713403E+00
 0.26588457885179073E+00
 0.25876435765269612E+00
 0.25213672878712023E+00
 0.24627432381695016E+00
 0.24747173290205848E+00
