0        1         2         3         4         5         6         7         8         9
123456789-123456789-123456789-123456789-123456789-123456789-123456789-123456789-123456789-123456789-
$TEST OUTPUT                                                                    
                   0                             0                                0 1    0    0   10
              0   53.1301    0
           1  00.700
 1 80    7
  9.4783824e+02  250.0000                       1000.000 250.00        898.397 250.00
  3.0000000e-06  3.8000000e-04  1.0000000e-07  3.0000000e-09  5.0000000e-09  1.0000000e-08  2.1000000e-01  2.1539329e+24
  8.5153533e+02  250.0000                                              807.118 250.00
  3.0000000e-06  3.8000000e-04  1.0000000e-07  3.0000000e-09  5.0000000e-09  1.0000000e-08  2.1000000e-01  1.9350875e+24
  7.6501706e+02  250.0000                                              725.112 250.00
  3.0000000e-06  3.8000000e-04  1.0000000e-07  3.0000000e-09  5.0000000e-09  1.0000000e-08  2.1000000e-01  1.7384775e+24
  6.8728928e+02  250.0000                                              651.439 250.00
  3.0000000e-06  3.8000000e-04  1.0000000e-07  3.0000000e-09  5.0000000e-09  1.0000000e-08  2.1000000e-01  1.5618435e+24
  6.1745885e+02  250.0000                                              585.251 250.00
  3.0000000e-06  3.8000000e-04  1.0000000e-07  3.0000000e-09  5.0000000e-09  1.0000000e-08  2.1000000e-01  1.4031560e+24
  5.5472337e+02  250.0000                                              525.788 250.00
  3.0000000e-06  3.8000000e-04  1.0000000e-07  3.0000000e-09  5.0000000e-09  1.0000000e-08  2.1000000e-01  1.2605916e+24
  4.9836199e+02  250.0000                                              472.367 250.00
  3.0000000e-06  3.8000000e-04  1.0000000e-07  3.0000000e-09  5.0000000e-09  1.0000000e-08  2.1000000e-01  1.1325121e+24
  4.4772708e+02  250.0000                                              424.373 250.00
  3.0000000e-06  3.8000000e-04  1.0000000e-07  3.0000000e-09  5.0000000e-09  1.0000000e-08  2.1000000e-01  1.0174459e+24
  4.0223681e+02  250.0000                                              381.255 250.00
  3.0000000e-06  3.8000000e-04  1.0000000e-07  3.0000000e-09  5.0000000e-09  1.0000000e-08  2.1000000e-01  9.1407063e+23
  3.6136847e+02  250.0000                                              342.519 250.00
  3.0000000e-06  3.8000000e-04  1.0000000e-07  3.0000000e-09  5.0000000e-09  1.0000000e-08  2.1000000e-01  8.2119861e+23
  3.2465247e+02  250.0000                                              307.718 250.00
  3.0000000e-06  3.8000000e-04  1.0000000e-07  3.0000000e-09  5.0000000e-09  1.0000000e-08  2.1000000e-01  7.3776263e+23
  2.9166691e+02  250.0000                                              276.453 250.00
  3.0000000e-06  3.8000000e-04  1.0000000e-07  3.0000000e-09  5.0000000e-09  1.0000000e-08  2.1000000e-01  6.6280397e+23
  2.6203277e+02  250.0000                                              248.365 250.00
  3.0000000e-06  3.8000000e-04  1.0000000e-07  3.0000000e-09  5.0000000e-09  1.0000000e-08  2.1000000e-01  5.9546131e+23
  2.3540954e+02  250.0000                                              223.130 250.00
  3.0000000e-06  3.8000000e-04  1.0000000e-07  3.0000000e-09  5.0000000e-09  1.0000000e-08  2.1000000e-01  5.3496085e+23
  2.1149130e+02  250.0000                                              200.460 250.00
  3.0000000e-06  3.8000000e-04  1.0000000e-07  3.0000000e-09  5.0000000e-09  1.0000000e-08  2.1000000e-01  4.8060739e+23
  1.9000322e+02  250.0000                                              180.092 250.00
  3.0000000e-06  3.8000000e-04  1.0000000e-07  3.0000000e-09  5.0000000e-09  1.0000000e-08  2.1000000e-01  4.3177639e+23
  1.7069838e+02  250.0000                                              161.794 250.00
  3.0000000e-06  3.8000000e-04  1.0000000e-07  3.0000000e-09  5.0000000e-09  1.0000000e-08  2.1000000e-01  3.8790675e+23
  1.5335497e+02  250.0000                                              145.356 250.00
  3.0000000e-06  3.8000000e-04  1.0000000e-07  3.0000000e-09  5.0000000e-09  1.0000000e-08  2.1000000e-01  3.4849439e+23
  1.3777369e+02  250.0000                                              130.587 250.00
  3.0000000e-06  3.8000000e-04  1.0000000e-07  3.0000000e-09  5.0000000e-09  1.0000000e-08  2.1000000e-01  3.1308643e+23
  1.2377552e+02  250.0000                                              117.319 250.00
  3.0000000e-06  3.8000000e-04  1.0000000e-07  3.0000000e-09  5.0000000e-09  1.0000000e-08  2.1000000e-01  2.8127601e+23
  1.1119959e+02  250.0000                                              105.399 250.00
  3.0000000e-06  3.8000000e-04  1.0000000e-07  3.0000000e-09  5.0000000e-09  1.0000000e-08  2.1000000e-01  2.5269761e+23
  9.9901415e+01  250.0000                                               94.690 250.00
  3.0000000e-06  3.8000000e-04  1.0000000e-07  3.0000000e-09  5.0000000e-09  1.0000000e-08  2.1000000e-01  2.2702286e+23
  8.9751164e+01  250.0000                                               85.070 250.00
  3.0000000e-06  3.8000000e-04  1.0000000e-07  3.0000000e-09  5.0000000e-09  1.0000000e-08  2.1000000e-01  2.0395673e+23
  8.0632205e+01  250.0000                                               76.426 250.00
  3.0000000e-06  3.8000000e-04  1.0000000e-07  3.0000000e-09  5.0000000e-09  1.0000000e-08  2.1000000e-01  1.8323418e+23
  7.2439757e+01  250.0000                                               68.661 250.00
  3.0000000e-06  3.8000000e-04  1.0000000e-07  3.0000000e-09  5.0000000e-09  1.0000000e-08  2.1000000e-01  1.6461709e+23
  6.5079684e+01  250.0000                                               61.685 250.00
  3.0000000e-06  3.8000000e-04  1.0000000e-07  3.0000000e-09  5.0000000e-09  1.0000000e-08  2.1000000e-01  1.4789156e+23
  5.8467413e+01  250.0000                                               55.418 250.00
  3.0000000e-06  3.8000000e-04  1.0000000e-07  3.0000000e-09  5.0000000e-09  1.0000000e-08  2.1000000e-01  1.3286538e+23
  5.2526968e+01  250.0000                                               49.787 250.00
  3.0000000e-06  3.8000000e-04  1.0000000e-07  3.0000000e-09  5.0000000e-09  1.0000000e-08  2.1000000e-01  1.1936590e+23
  4.7190087e+01  250.0000                                               44.729 250.00
  3.0000000e-06  3.8000000e-04  1.0000000e-07  3.0000000e-09  5.0000000e-09  1.0000000e-08  2.1000000e-01  1.0723800e+23
  4.2395448e+01  250.0000                                               40.184 250.00
  3.0000000e-06  3.8000000e-04  1.0000000e-07  3.0000000e-09  5.0000000e-09  1.0000000e-08  2.1000000e-01  9.6342336e+22
  3.8087957e+01  250.0000                                               36.101 250.00
  3.0000000e-06  3.8000000e-04  1.0000000e-07  3.0000000e-09  5.0000000e-09  1.0000000e-08  2.1000000e-01  8.6553696e+22
  3.4218118e+01  250.0000                                               32.433 250.00
  3.0000000e-06  3.8000000e-04  1.0000000e-07  3.0000000e-09  5.0000000e-09  1.0000000e-08  2.1000000e-01  7.7759609e+22
  3.0741466e+01  250.0000                                               29.138 250.00
  3.0000000e-06  3.8000000e-04  1.0000000e-07  3.0000000e-09  5.0000000e-09  1.0000000e-08  2.1000000e-01  6.9859024e+22
  2.7618051e+01  250.0000                                               26.177 250.00
  3.0000000e-06  3.8000000e-04  1.0000000e-07  3.0000000e-09  5.0000000e-09  1.0000000e-08  2.1000000e-01  6.2761160e+22
  2.4811983e+01  250.0000                                               23.518 250.00
  3.0000000e-06  3.8000000e-04  1.0000000e-07  3.0000000e-09  5.0000000e-09  1.0000000e-08  2.1000000e-01  5.6384458e+22
  2.2291019e+01  250.0000                                               21.128 250.00
  3.0000000e-06  3.8000000e-04  1.0000000e-07  3.0000000e-09  5.0000000e-09  1.0000000e-08  2.1000000e-01  5.0655646e+22
  2.0026192e+01  250.0000                                               18.982 250.00
  3.0000000e-06  3.8000000e-04  1.0000000e-07  3.0000000e-09  5.0000000e-09  1.0000000e-08  2.1000000e-01  4.5508897e+22
  1.7991477e+01  250.0000                                               17.053 250.00
  3.0000000e-06  3.8000000e-04  1.0000000e-07  3.0000000e-09  5.0000000e-09  1.0000000e-08  2.1000000e-01  4.0885071e+22
  1.6163495e+01  250.0000                                               15.320 250.00
  3.0000000e-06  3.8000000e-04  1.0000000e-07  3.0000000e-09  5.0000000e-09  1.0000000e-08  2.1000000e-01  3.6731038e+22
  1.4521240e+01  250.0000                                               13.764 250.00
  3.0000000e-06  3.8000000e-04  1.0000000e-07  3.0000000e-09  5.0000000e-09  1.0000000e-08  2.1000000e-01  3.2999066e+22
  1.3045843e+01  250.0000                                               12.365 250.00
  3.0000000e-06  3.8000000e-04  1.0000000e-07  3.0000000e-09  5.0000000e-09  1.0000000e-08  2.1000000e-01  2.9646273e+22
  1.1720351e+01  250.0000                                               11.109 250.00
  3.0000000e-06  3.8000000e-04  1.0000000e-07  3.0000000e-09  5.0000000e-09  1.0000000e-08  2.1000000e-01  2.6634132e+22
  1.0529532e+01  250.0000                                                9.980 250.00
  3.0000000e-06  3.8000000e-04  1.0000000e-07  3.0000000e-09  5.0000000e-09  1.0000000e-08  2.1000000e-01  2.3928033e+22
  9.4597031e+00  250.0000                                                8.966 250.00
  3.0000000e-06  3.8000000e-04  1.0000000e-07  3.0000000e-09  5.0000000e-09  1.0000000e-08  2.1000000e-01  2.1496881e+22
  8.4985719e+00  250.0000                                                8.055 250.00
  3.0000000e-06  3.8000000e-04  1.0000000e-07  3.0000000e-09  5.0000000e-09  1.0000000e-08  2.1000000e-01  1.9312740e+22
  7.6350942e+00  250.0000                                                7.237 250.00
  3.0000000e-06  3.8000000e-04  1.0000000e-07  3.0000000e-09  5.0000000e-09  1.0000000e-08  2.1000000e-01  1.7350514e+22
  6.8593482e+00  250.0000                                                6.502 250.00
  3.0000000e-06  3.8000000e-04  1.0000000e-07  3.0000000e-09  5.0000000e-09  1.0000000e-08  2.1000000e-01  1.5587655e+22
  6.1624200e+00  250.0000                                                5.841 250.00
  3.0000000e-06  3.8000000e-04  1.0000000e-07  3.0000000e-09  5.0000000e-09  1.0000000e-08  2.1000000e-01  1.4003908e+22
  5.5363017e+00  250.0000                                                5.248 250.00
  3.0000000e-06  3.8000000e-04  1.0000000e-07  3.0000000e-09  5.0000000e-09  1.0000000e-08  2.1000000e-01  1.2581073e+22
  4.9737986e+00  250.0000                                                4.714 250.00
  3.0000000e-06  3.8000000e-04  1.0000000e-07  3.0000000e-09  5.0000000e-09  1.0000000e-08  2.1000000e-01  1.1302802e+22
  4.4684473e+00  250.0000                                                4.235 250.00
  3.0000000e-06  3.8000000e-04  1.0000000e-07  3.0000000e-09  5.0000000e-09  1.0000000e-08  2.1000000e-01  1.0154407e+22
  4.0144411e+00  250.0000                                                3.805 250.00
  3.0000000e-06  3.8000000e-04  1.0000000e-07  3.0000000e-09  5.0000000e-09  1.0000000e-08  2.1000000e-01  9.1226925e+21
  3.6065631e+00  250.0000                                                3.418 250.00
  3.0000000e-06  3.8000000e-04  1.0000000e-07  3.0000000e-09  5.0000000e-09  1.0000000e-08  2.1000000e-01  8.1958025e+21
  3.2401267e+00  250.0000                                                3.071 250.00
  3.0000000e-06  3.8000000e-04  1.0000000e-07  3.0000000e-09  5.0000000e-09  1.0000000e-08  2.1000000e-01  7.3630870e+21
  2.9109211e+00  250.0000                                                2.759 250.00
  3.0000000e-06  3.8000000e-04  1.0000000e-07  3.0000000e-09  5.0000000e-09  1.0000000e-08  2.1000000e-01  6.6149776e+21
  2.6151637e+00  250.0000                                                2.479 250.00
  3.0000000e-06  3.8000000e-04  1.0000000e-07  3.0000000e-09  5.0000000e-09  1.0000000e-08  2.1000000e-01  5.9428782e+21
  2.3494561e+00  250.0000                                                2.227 250.00
  3.0000000e-06  3.8000000e-04  1.0000000e-07  3.0000000e-09  5.0000000e-09  1.0000000e-08  2.1000000e-01  5.3390658e+21
  2.1107451e+00  250.0000                                                2.001 250.00
  3.0000000e-06  3.8000000e-04  1.0000000e-07  3.0000000e-09  5.0000000e-09  1.0000000e-08  2.1000000e-01  4.7966024e+21
  1.8962877e+00  250.0000                                                1.797 250.00
  3.0000000e-06  3.8000000e-04  1.0000000e-07  3.0000000e-09  5.0000000e-09  1.0000000e-08  2.1000000e-01  4.3092548e+21
  1.7036198e+00  250.0000                                                1.615 250.00
  3.0000000e-06  3.8000000e-04  1.0000000e-07  3.0000000e-09  5.0000000e-09  1.0000000e-08  2.1000000e-01  3.8714230e+21
  1.5305275e+00  250.0000                                                1.451 250.00
  3.0000000e-06  3.8000000e-04  1.0000000e-07  3.0000000e-09  5.0000000e-09  1.0000000e-08  2.1000000e-01  3.4780760e+21
  1.3750218e+00  250.0000                                                1.303 250.00
  3.0000000e-06  3.8000000e-04  1.0000000e-07  3.0000000e-09  5.0000000e-09  1.0000000e-08  2.1000000e-01  3.1246942e+21
  1.2353159e+00  250.0000                                                1.171 250.00
  3.0000000e-06  3.8000000e-04  1.0000000e-07  3.0000000e-09  5.0000000e-09  1.0000000e-08  2.1000000e-01  2.8072169e+21
  1.1098045e+00  250.0000                                                1.052 250.00
  3.0000000e-06  3.8000000e-04  1.0000000e-07  3.0000000e-09  5.0000000e-09  1.0000000e-08  2.1000000e-01  2.5219961e+21
  9.9704537e-01  250.0000                                                0.945 250.00
  3.0000000e-06  3.8000000e-04  1.0000000e-07  3.0000000e-09  5.0000000e-09  1.0000000e-08  2.1000000e-01  2.2657546e+21
  8.9574289e-01  250.0000                                                0.849 250.00
  3.0000000e-06  3.8000000e-04  1.0000000e-07  3.0000000e-09  5.0000000e-09  1.0000000e-08  2.1000000e-01  2.0355478e+21
  8.0473301e-01  250.0000                                                0.763 250.00
  3.0000000e-06  3.8000000e-04  1.0000000e-07  3.0000000e-09  5.0000000e-09  1.0000000e-08  2.1000000e-01  1.8287307e+21
  7.2296998e-01  250.0000                                                0.685 250.00
  3.0000000e-06  3.8000000e-04  1.0000000e-07  3.0000000e-09  5.0000000e-09  1.0000000e-08  2.1000000e-01  1.6429268e+21
  6.4951429e-01  250.0000                                                0.616 250.00
  3.0000000e-06  3.8000000e-04  1.0000000e-07  3.0000000e-09  5.0000000e-09  1.0000000e-08  2.1000000e-01  1.4760010e+21
  5.8352190e-01  250.0000                                                0.553 250.00
  3.0000000e-06  3.8000000e-04  1.0000000e-07  3.0000000e-09  5.0000000e-09  1.0000000e-08  2.1000000e-01  1.3260354e+21
  5.2423451e-01  250.0000                                                0.497 250.00
  3.0000000e-06  3.8000000e-04  1.0000000e-07  3.0000000e-09  5.0000000e-09  1.0000000e-08  2.1000000e-01  1.1913066e+21
  4.7097088e-01  250.0000                                                0.446 250.00
  3.0000000e-06  3.8000000e-04  1.0000000e-07  3.0000000e-09  5.0000000e-09  1.0000000e-08  2.1000000e-01  1.0702667e+21
  4.2311898e-01  250.0000                                                0.401 250.00
  3.0000000e-06  3.8000000e-04  1.0000000e-07  3.0000000e-09  5.0000000e-09  1.0000000e-08  2.1000000e-01  9.6152471e+20
  3.8012896e-01  250.0000                                                0.360 250.00
  3.0000000e-06  3.8000000e-04  1.0000000e-07  3.0000000e-09  5.0000000e-09  1.0000000e-08  2.1000000e-01  8.6383123e+20
  3.4150684e-01  250.0000                                                0.324 250.00
  3.0000000e-06  3.8000000e-04  1.0000000e-07  3.0000000e-09  5.0000000e-09  1.0000000e-08  2.1000000e-01  7.7606366e+20
  3.0680883e-01  250.0000                                                0.291 250.00
  3.0000000e-06  3.8000000e-04  1.0000000e-07  3.0000000e-09  5.0000000e-09  1.0000000e-08  2.1000000e-01  6.9721351e+20
  2.7563623e-01  250.0000                                                0.261 250.00
  3.0000000e-06  3.8000000e-04  1.0000000e-07  3.0000000e-09  5.0000000e-09  1.0000000e-08  2.1000000e-01  6.2637475e+20
  2.4763085e-01  250.0000                                                0.235 250.00
  3.0000000e-06  3.8000000e-04  1.0000000e-07  3.0000000e-09  5.0000000e-09  1.0000000e-08  2.1000000e-01  5.6273340e+20
  2.2247089e-01  250.0000                                                0.211 250.00
  3.0000000e-06  3.8000000e-04  1.0000000e-07  3.0000000e-09  5.0000000e-09  1.0000000e-08  2.1000000e-01  5.0555818e+20
  1.9986725e-01  250.0000                                                0.189 250.00
  3.0000000e-06  3.8000000e-04  1.0000000e-07  3.0000000e-09  5.0000000e-09  1.0000000e-08  2.1000000e-01  4.5419211e+20
%%%%%
