
 The downwelling direct and diffuse fluxes have been computed using the delta-M scaling approximation.
 Wavenumbers:   820. - 50000. cm-1
 LEVEL PRESSURE   UPWARD FLUX   DIFDOWN FLUX  DIRDOWN FLUX  DOWNWARD FLUX   NET FLUX    HEATING RATE
          mb          W/m2          W/m2          W/m2        W/m2          W/m2       degree/day
  80    0.1890      409.8954        0.0000      820.9333      820.9333     411.037947       0.00000
  79    0.2110      409.8893      783.8099      820.8981     1604.7080    1194.818637    **********
  78    0.2350      409.8827      780.4842      820.8748     1601.3590    1191.476360    1175.24183
  77    0.2610      409.8753      778.0247      820.8518     1598.8765    1189.001190     803.39253
  76    0.2910      409.8671      775.8395      820.8280     1596.6675    1186.800362     619.10031
  75    0.3240      409.8581      773.7789      820.8031     1594.5821    1184.724018     530.98411
  74    0.3600      409.8480      771.7859      820.7768     1592.5627    1182.714666     471.03131
  73    0.4010      409.8370      769.8287      820.7488     1590.5775    1180.740564     406.33259
  72    0.4460      409.8247      767.8851      820.7187     1588.6038    1178.779071     367.84975
  71    0.4970      409.8112      765.9344      820.6861     1586.6205    1176.809324     325.93899
  70    0.5530      409.7963      763.9601      820.6506     1584.6107    1174.814455     300.62320
  69    0.6160      409.7797      761.9469      820.6118     1582.5587    1172.778999     272.65748
  68    0.6850      409.7614      759.8819      820.5693     1580.4513    1170.689819     255.51877
  67    0.7630      409.7413      757.7509      820.5226     1578.2735    1168.532226     233.43771
  66    0.8490      409.7192      755.5451      820.4714     1576.0165    1166.297329     219.30838
  65    0.9450      409.6947      753.2579      820.4150     1573.6730    1163.978251     203.86387
  64     1.052      409.6678      750.8836      820.3531     1571.2367    1161.568916     190.02447
  63     1.171      409.6382      748.4157      820.2852     1568.7009    1159.062651     177.73637
  62     1.303      409.6057      745.8493      820.2105     1566.0599    1156.454134     166.76920
  61     1.451      409.5702      743.1795      820.1286     1563.3081    1153.737881     154.88333
  60     1.615      409.5313      740.4008      820.0386     1560.4395    1150.908197     145.60967
  59     1.797      409.4888      737.5091      819.9399     1557.4489    1147.960174     136.69591
  58     2.001      409.4422      734.4995      819.8314     1554.3309    1144.888701     127.06114
  57     2.227      409.3913      731.3688      819.7123     1551.0812    1141.689848     119.44885
  56     2.479      409.3360      728.0975      819.5814     1547.6789    1138.342862     112.08551
  55     2.759      409.2762      724.6791      819.4377     1544.1168    1134.840603     105.55684
  54     3.071      409.2109      721.1148      819.2797     1540.3945    1131.183628      98.91530
  53     3.418      409.1397      717.4018      819.1062     1536.5080    1127.368265      92.79031
  52     3.805      409.0623      713.5311      818.9156     1532.4466    1123.384317      86.87579
  51     4.235      408.9783      709.4983      818.7063     1528.2047    1119.226376      81.60299
  50     4.714      408.8876      705.2923      818.4767     1523.7690    1114.881387      76.55072
  49     5.248      408.7897      700.9134      818.2249     1519.1382    1110.348502      71.63571
  48     5.841      408.6843      696.3627      817.9488     1514.3115    1105.627221      67.18948
  47     6.502      408.5705      691.6511      817.6464     1509.2975    1100.727028      62.56160
  46     7.237      408.4475      686.7918      817.3156     1504.1074    1095.659906      58.17952
  45     8.055      408.3152      681.7811      816.9540     1498.7350    1090.419851      54.06033
  44     8.966      408.1733      676.6248      816.5593     1493.1841    1085.010739      50.10761
  43     9.980      408.0212      671.3371      816.1291     1487.4661    1079.444895      46.32221
  42     11.11      407.8583      665.9350      815.6610     1481.5960    1073.737654      42.66074
  41     12.37      407.6842      660.4290      815.1523     1475.5813    1067.897155      39.24247
  40     13.76      407.4983      654.8393      814.6011     1469.4404    1061.942105      35.92228
  39     15.32      407.3005      649.1768      814.0046     1463.1814    1055.880971      32.87308
  38     17.05      407.0902      643.4702      813.3608     1456.8311    1049.740906      29.89996
  37     18.98      406.8663      637.7522      812.6671     1450.4193    1043.553073      27.07089
  36     21.13      406.6283      632.0468      811.9211     1443.9679    1037.339588      24.43440
  35     23.52      406.3761      626.3727      811.1196     1437.4924    1031.116275      21.97454
  34     26.18      406.1083      620.7717      810.2591     1431.0307    1024.922447      19.65789
  33     29.14      405.8232      615.2826      809.3350     1424.6176    1018.794345      17.46561
  32     32.43      405.5197      609.9227      808.3422     1418.2649    1012.745230      15.49289
  31     36.10      405.1960      604.7136      807.2750     1411.9886    1006.792590      13.69545
  30     40.18      404.8502      599.6725      806.1263     1405.7988    1000.948650      12.07876
  29     44.73      404.4798      594.8207      804.8894     1399.7101     995.230289      10.61778
  28     49.79      404.0813      590.1774      803.5555     1393.7329     989.651590       9.30787
  27     55.42      403.6509      585.7525      802.1160     1387.8685     984.217591       8.14386
  26     61.69      403.1845      581.5410      800.5595     1382.1005     978.915997       7.13909
  25     68.66      402.6773      577.5429      798.8746     1376.4175     973.740250       6.26127
  24     76.43      402.1237      573.7448      797.0475     1370.7923     968.668545       5.51199
  23     85.07      401.5177      570.1368      795.0645     1365.2013     963.683627       4.86675
  22     94.69      400.8521      566.6986      792.9106     1359.6091     958.756974       4.32188
  21     105.4      400.1523      562.6797      790.5622     1353.2419     953.089617       4.46609
  20     117.3      399.3814      558.8009      788.0122     1346.8131     947.431727       4.00566
  19     130.6      398.5306      555.0469      785.2456     1340.2925     941.761936       3.60627
  18     145.4      397.5900      551.4040      782.2466     1333.6506     936.060595       3.25778
  17     161.8      396.5488      547.8610      778.9981     1326.8590     930.310171       2.95221
  16     180.1      395.3951      544.4124      775.4823     1319.8947     924.499662       2.67983
  15     200.5      394.1154      541.0580      771.6798     1312.7378     918.622378       2.43514
  14     223.1      392.6955      537.7978      767.5708     1305.3686     912.673117       2.21466
  13     248.4      391.1216      534.6127      763.1297     1297.7425     906.620887       2.02399
  12     276.5      389.3773      531.5006      758.3345     1289.8351     900.457779       1.85172
  11     307.7      387.4459      528.4452      753.1575     1281.6027     894.156799       1.70077
  10     342.5      385.3078      525.4435      747.5743     1273.0178     887.709964       1.56333
   9     381.3      382.9427      522.4841      741.5573     1264.0414     881.098711       1.44034
   8     424.4      380.3278      519.5587      735.0814     1254.6400     874.312249       1.32825
   7     472.4      377.4397      516.6521      728.1212     1244.7733     867.333625       1.22710
   6     525.8      374.2529      513.7483      720.6540     1234.4024     860.149474       1.13491
   5     585.3      370.7411      510.8240      712.6591     1223.4831     852.741928       1.05129
   4     651.4      366.8777      507.8465      704.1167     1211.9632     845.085461       0.97621
   3     725.1      362.6364      504.7710      695.0109     1199.7819     837.145565       0.90950
   2     807.1      357.9946      501.5305      685.3260     1186.8565     828.861842       0.85246
   1     898.4      352.9363      498.0265      675.0524     1173.0789     820.142664       0.80612
   0     1000.      347.4777      494.0779      664.1811     1158.2590     810.781270       0.77755

  Modules and versions used in this calculation:

                rrtm.f:  $Revision: 2.10 $                    rrtatm.f:  NOT USED          
             setcoef.f:  $Revision: 2.6 $                  taumoldis.f:  $Revision: 2.5 $  
            util_xxx.f:  NOT USED                            cldprop.f:  NOT USED          
              rtrdis.f:  $Revision: 2.6 $                     disort.f:  $Revision: 2.4 $  
            RDI1MACH.f:  NOT USED                            ErrPack.f:  NOT USED          
              LINPAK.f:  $Revision: 2.3 $                      extra.f:  NOT USED          
             k_gb16.f:   $Revision: 2.4 $                    k_gb17.f:   $Revision: 2.3 $  
             k_gb18.f:   $Revision: 2.3 $                    k_gb19.f:   $Revision: 2.3 $  
             k_gb20.f:   $Revision: 2.3 $                    k_gb21.f:   $Revision: 2.3 $  
             k_gb22.f:   $Revision: 2.3 $                    k_gb23.f:   $Revision: 2.3 $  
             k_gb24.f:   $Revision: 2.3 $                    k_gb25.f:   $Revision: 2.3 $  
                                                             k_gb27.f:   $Revision: 2.3 $  
             k_gb28.f:   $Revision: 2.3 $                    k_gb29.f:   $Revision: 2.3 $  

